   2.0000000e+00  -1.4386788e+00   4.2401655e-01  -1.7143402e+00  -1.6599752e+00  -9.5438257e-01   7.2374969e-01
   2.0000000e+00  -1.3810649e-01  -1.9930495e-01   1.3427478e-01   8.8806547e-01   7.1250718e-01   3.6570140e-02
   2.0000000e+00   8.2551599e-01   1.6892559e+00  -8.2439631e-01  -1.2495567e+00   4.4335527e-01   1.6088190e+00
   2.0000000e+00  -1.1642417e+00  -6.7614368e-01   4.3796271e-01  -3.9379564e-01   7.5428072e-01   9.6610634e-01
   2.0000000e+00  -4.6500512e-01   1.5240330e+00  -6.7331358e-01  -1.1152883e+00   3.3809243e-01   1.4427520e+00
   2.0000000e+00  -2.3108959e-01  -5.5587058e-01   7.3276803e-01  -3.7620122e-01   1.0610547e+00   3.4448089e-01
   2.0000000e+00   9.8589016e-01  -1.8255066e+00   4.9320906e-01   7.2607131e-01  -1.2562385e+00  -1.2168941e+00
   2.0000000e+00  -1.7487664e+00  -2.2477565e+00  -5.2443819e-01  -3.6500621e-02  -3.9017241e-01   2.7642691e-01
   2.0000000e+00  -9.1694801e-01  -4.6379677e-01   7.3906926e-02  -7.9372442e-01   8.2105673e-01  -7.9207699e-01
   2.0000000e+00   6.1144622e-02  -1.2720165e+00  -5.9069999e-02  -3.3712941e+00  -1.2711321e+00  -3.2350920e-01
   2.0000000e+00  -3.5246666e-01   6.1506922e-01   1.1409307e+00   8.6037561e-02   3.3553324e+00   1.4772010e+00
   2.0000000e+00  -6.0282115e-01  -2.2592917e+00   2.9567612e-01   1.8368869e-01   4.6875569e-01  -1.4428565e-01
   2.0000000e+00   6.5857434e-01   4.1588008e-01   7.8251699e-01   5.7306378e-01  -1.0465754e+00  -7.3868216e-01
   2.0000000e+00  -1.2587052e+00  -5.5305152e-01   2.0496591e+00  -6.1453091e-01  -2.9030645e-01  -8.2341727e-01
   2.0000000e+00   7.2138484e-01  -7.4927007e-01  -5.3921730e-01   6.0477816e-01  -7.6991008e-01  -2.1323347e+00
   2.0000000e+00  -2.0366265e-01   3.7684878e-01   1.3946953e+00   1.9376069e-03   1.0116825e+00   3.4719019e-01
   1.0000000e+00  -1.2092862e+00   6.4668158e-02   5.6416000e-01  -2.6337976e-01  -3.5054364e-01   2.2205061e-01
   2.0000000e+00   5.8189811e-01  -4.1474586e-01  -1.0171209e+00  -1.2403118e+00   1.6005377e+00   1.1746599e+00
   2.0000000e+00  -6.4232921e-01  -1.4417033e+00   1.6368756e+00  -1.7908451e+00   1.4533983e+00  -1.8602036e-01
   2.0000000e+00  -2.1987658e-01  -1.3541434e+00  -4.5191243e-01  -6.4364036e-01   1.0303958e+00  -8.1227106e-01
   2.0000000e+00   7.3928716e-01  -1.1873889e+00   1.1098916e+00  -6.7995111e-01   8.5227726e-01  -8.4254812e-01
   2.0000000e+00  -1.3801847e+00  -1.7673669e+00   1.4970433e+00  -5.1141887e-01   1.6119546e+00  -4.8125616e-02
   2.0000000e+00  -6.3102086e-01  -2.2172505e-01  -9.2175651e-01  -1.3397540e-01  -9.8913905e-01  -1.1836728e-01
   2.0000000e+00   1.7686778e-01  -8.0929317e-01  -2.2768506e+00  -4.8867919e-01   4.6742317e-01  -1.4372967e-01
   2.0000000e+00   5.2121670e-01   1.2244508e-01   7.8696065e-01   4.8509356e-01  -1.5102834e+00  -1.4594359e+00
   2.0000000e+00  -2.9129256e-01  -9.4142135e-01  -9.2765916e-01  -7.5847857e-01  -1.8234214e+00  -8.4618340e-01
   2.0000000e+00   1.2757058e+00   1.9975753e+00  -2.2059649e-02   1.1126470e+00   2.4644536e-01  -1.3082669e+00
   2.0000000e+00   2.5590741e-01  -1.6063078e+00   4.6097562e-01  -1.9503464e-01  -1.5376814e+00  -2.5219924e-01
   2.0000000e+00  -4.4008533e-01   5.1253347e-01  -8.8875360e-01   1.7504448e-03   8.8169773e-01   2.3563577e-01
   1.0000000e+00  -4.5395656e-03   4.1579877e-01  -3.3243879e-01  -1.1547098e+00   4.8270743e-01  -6.5530789e-01
   2.0000000e+00  -1.5125789e+00  -1.6985706e+00   7.2368584e-01  -8.4569975e-01   8.7835900e-01   1.0014085e+00
   2.0000000e+00   6.9913426e-02   7.2745680e-01  -9.0031730e-02   7.6875142e-01   1.1146015e+00  -1.3024896e+00
   2.0000000e+00  -1.4274703e-02  -2.2590169e-01   7.1719939e-01  -6.7788468e-01  -8.1182766e-02   8.2989521e-01
   2.0000000e+00  -1.7527136e+00   1.5161022e-01   1.2639547e-01   9.2881312e-01   1.2460817e+00   1.1531125e+00
   2.0000000e+00  -4.8767144e-01   1.9977567e+00   8.0351479e-01  -1.5053768e-01   2.1160561e-01  -3.1856750e-01
   2.0000000e+00  -4.5223846e-01   1.2704882e+00   4.7763968e-01  -1.5635850e+00   3.3056923e-01   2.2215308e-01
   2.0000000e+00  -1.1673902e+00  -1.8742235e+00  -1.0338082e+00   1.0171723e+00   1.1730162e+00  -6.5139936e-01
   1.0000000e+00  -1.5127176e+00   4.5275597e-01   2.7872185e-01   6.6138217e-01  -7.9004912e-01   7.4565899e-01
   2.0000000e+00  -1.2629220e+00   1.2567252e-01  -1.5211400e-01  -1.0395643e+00   1.4037695e+00   1.1439912e+00
   2.0000000e+00  -2.2330795e-01  -1.0653899e+00   4.0486336e-01   4.0652335e-02   1.1173249e+00   3.7454755e-01
   2.0000000e+00  -4.4034831e-01   6.9759501e-01  -1.7690260e+00  -7.9048940e-01   1.0558985e+00   9.1630458e-01
   2.0000000e+00  -2.9892689e-01  -1.1649006e-01   3.6837467e-01   2.6855403e-01  -4.5082600e-01  -2.1904510e-01
   1.0000000e+00  -2.1349886e+00   1.0568582e-01  -1.4372256e+00   4.5172801e-01   6.7264251e-01  -1.4065630e-01
   1.0000000e+00  -3.9426572e-01   1.9762030e-01   1.1420046e+00  -1.3465806e+00   6.7296772e-01  -8.4619979e-01
   2.0000000e+00  -1.9773844e-02  -3.1105908e-01   9.6604051e-01  -1.4253250e+00  -8.5850928e-01   3.6440614e-02
   2.0000000e+00  -4.8265185e-02  -9.7726492e-02  -4.7946368e-01   5.6294128e-01  -6.9616695e-01   3.8786470e-01
   2.0000000e+00  -4.4202391e-01  -8.7000625e-02   2.0815689e+00   1.4917399e+00   7.1281660e-01  -2.9144527e-01
   2.0000000e+00  -2.7954397e-01  -1.0308394e+00  -5.3775807e-01   4.8686072e-01   1.2069300e-01   1.3515462e+00
   2.0000000e+00  -2.3964985e-01   1.2250907e+00   1.2212090e+00   5.3452261e-01  -1.4996788e+00   1.4596760e-01
   2.0000000e+00   5.6867635e-02  -1.4993079e+00   3.1119418e-01   1.0771555e+00   2.5801431e+00  -1.3573950e+00
   2.0000000e+00  -3.0235867e-01   9.8422260e-01   8.1382346e-01  -7.6184321e-01   1.0379792e+00  -1.9431186e-01
   1.0000000e+00  -5.0513751e-01   3.8177392e-01  -1.2307201e+00  -1.2080419e-01   4.2127966e-02   1.8020888e+00
   1.0000000e+00   9.5267160e-01   4.5477117e-01  -7.3174613e-01   8.0384959e-01   5.6920025e-01  -1.0039019e+00
   2.0000000e+00   4.7967848e-01  -8.9328318e-01   6.4866136e-01  -1.9724192e+00   1.0699254e+00  -1.6178252e-01
   2.0000000e+00  -5.3839887e-01   9.6523318e-01   2.4056413e-01   2.1736847e+00   7.3176194e-01  -2.6624503e+00
   2.0000000e+00  -1.3796331e+00   9.0532866e-01  -3.7869630e-01  -1.9690899e+00   1.4323012e+00   1.8415321e+00
   1.0000000e+00   1.1918116e+00   4.2738312e-01   7.1014700e-01   3.8122624e-02  -6.5953329e-01   6.2825631e-01
   2.0000000e+00   3.0422901e-01  -2.1801964e+00   1.1161677e-01  -1.2790056e+00   2.7836373e-01   3.1019937e-01
   1.0000000e+00  -6.7041716e-02   5.7865993e-02   2.2924131e+00  -3.3993795e-01  -5.0783483e-01   3.3803940e-01
   2.0000000e+00  -1.6936065e+00  -4.4535465e-02  -2.3550496e-01  -5.9214415e-02   7.3647838e-01  -1.5026386e-01
   2.0000000e+00  -8.8023777e-01  -1.0227308e+00  -8.9174651e-01  -1.0915261e+00  -4.3590724e-01   4.6556947e-02
   2.0000000e+00  -4.6195631e-01  -3.1544662e-01   3.9073177e-01   4.0542235e-01  -1.2482460e+00  -1.0648255e-01
   1.0000000e+00  -1.2941500e+00   8.8768277e-02   1.8861973e+00   2.5035832e-01  -2.4700826e-01  -6.5150473e-01
   2.0000000e+00   1.7365842e-01   1.7849224e+00  -1.2065356e+00   4.4007174e-01  -1.6446673e+00  -1.2548409e+00
   2.0000000e+00   5.6208841e-01   2.0319262e+00  -1.9895070e+00  -2.6252809e-01  -6.5660149e-01  -1.1802064e+00
   2.0000000e+00  -2.6971645e-01   8.3108030e-01   6.7583578e-01   3.0835037e-01  -6.6048630e-01  -3.4738641e-02
   2.0000000e+00  -1.3319699e+00   7.8988974e-01  -6.9917341e-01  -1.2298996e-01  -1.1764624e+00   4.4712678e-01
   2.0000000e+00  -9.9296347e-01  -4.0088936e-02   1.9090152e-01  -1.2779143e+00   4.9016691e-02   1.9894213e+00
   2.0000000e+00   1.1728875e+00   7.4668533e-01   1.2761974e+00  -3.2801500e-02  -7.1359872e-01   3.7328602e-01
   2.0000000e+00   4.3875490e-01  -7.8958333e-01   8.5184961e-01  -6.1446911e-01   1.7338111e-01   8.7319180e-01
   2.0000000e+00  -6.5786867e-01  -1.4551814e-02  -4.5278681e-02  -8.0517087e-01   5.3453933e-01   9.4933063e-01
   2.0000000e+00  -1.3113074e+00  -2.2921887e+00  -1.9152956e-01  -3.4943667e-01  -9.6785717e-01  -1.7380019e-01
   2.0000000e+00  -2.5627243e-01  -1.1686137e+00  -6.9394143e-01  -1.9170787e+00   1.5396258e+00   5.7464017e-01
   2.0000000e+00   1.1660435e+00   1.1611814e+00   2.5644759e+00   1.4730113e-01  -7.7315592e-01   9.5890025e-03
   2.0000000e+00   1.4753741e+00   1.1009603e+00  -7.7325702e-01   1.1549914e+00  -6.5519439e-01  -8.0423061e-01
   2.0000000e+00  -1.8716918e+00   1.3757281e+00   2.4283068e-01   1.4180538e+00  -4.7001988e-01  -7.1632962e-01
   2.0000000e+00   1.7187380e-01  -1.2261483e+00   3.9330529e-01   5.3204715e-01  -7.3142544e-01  -1.4280335e+00
   2.0000000e+00  -7.3363545e-01   1.2276780e+00  -1.6469090e-01  -1.5331381e-01   1.7923003e+00  -7.3355897e-01
   1.0000000e+00   1.8431571e+00   3.9995185e-01  -1.0973134e+00  -6.0737495e-01  -8.5022284e-01   1.1840824e+00
   2.0000000e+00  -1.6582960e+00  -5.8784004e-01   4.2849334e-01  -2.2335540e-01  -2.7489736e-01  -1.6346087e+00
   2.0000000e+00  -1.3795352e-01   9.3844719e-01   1.8495833e+00  -8.1567220e-02  -8.6334815e-01  -8.1670207e-01
   2.0000000e+00  -9.8964108e-01   1.0737184e+00   3.9116024e-01  -1.9659004e+00  -5.3068427e-03   1.7659920e+00
   2.0000000e+00  -8.5061011e-01  -3.1894550e-01   1.4916779e-01   1.9802721e+00  -3.4125084e-01   8.9068189e-01
   1.0000000e+00  -6.7144615e-02   6.3481148e-01  -6.5316387e-01  -1.2467894e+00   1.4942374e-01  -1.7562009e+00
   1.0000000e+00   2.0212550e+00   3.3357831e-01  -4.5616598e-01  -1.2278741e+00  -4.7092739e-01   3.8584094e-01
   2.0000000e+00  -4.0514905e-02  -3.6127845e-03  -7.6402631e-02  -6.8975607e-01  -1.0553945e+00   1.0212005e+00
   1.0000000e+00   3.1791663e-01   2.7654431e-01  -8.7940784e-01  -1.3734571e+00   5.7296731e-01   5.4125988e-01
   1.0000000e+00  -2.3196733e-01   8.4655749e-01   1.0747906e+00  -4.0950437e-01  -3.8625363e-01   2.7784726e-01
   2.0000000e+00   1.5161323e-01  -1.0624369e+00  -6.5939230e-01   1.4497906e+00   5.3793156e-01   4.6657361e-01
   2.0000000e+00  -1.3398488e-01  -8.0952126e-01   6.9762748e-01  -7.9748348e-01   2.8088793e+00   5.2442446e-01
   1.0000000e+00  -1.8355559e+00   1.4523607e-02  -5.9387581e-01   1.4693829e+00  -5.2907827e-01  -9.7046245e-02
   2.0000000e+00  -5.0939433e-01  -5.9263368e-01   9.7318975e-01   1.7868222e-01  -3.4372043e-01  -4.9979846e-01
   1.0000000e+00   9.8532342e-01   3.1091460e-01  -8.2118233e-01   4.0937626e-01   6.1105115e-01   1.0308472e+00
   2.0000000e+00   6.5928812e-01  -1.3229542e+00   4.6814383e-01  -1.0502688e+00   8.0939824e-01   1.5924317e-01
   2.0000000e+00   7.8605747e-01  -6.7351477e-01  -1.2690406e+00   9.9819961e-01   5.2207837e-01   4.8468246e-01
   2.0000000e+00  -1.3622146e+00   1.5790707e+00   4.6429669e-01   1.8040663e+00  -7.4103942e-02   2.0071512e+00
   1.0000000e+00   1.3879830e-01   1.8546838e-01  -2.9164791e-01  -1.5367885e+00   9.6372586e-01  -1.2039261e+00
   2.0000000e+00  -9.6481819e-01   1.3631448e+00   2.1899403e+00  -1.4922461e-01   1.2377930e+00   8.9543016e-02
   1.0000000e+00   7.0121610e-02   4.8936320e-01  -1.5328050e+00  -2.9763155e-01   4.5667427e-01  -1.0428403e+00
   1.0000000e+00   4.0532194e-01   5.7924178e-01   2.0757877e+00  -7.7661339e-01   4.1531989e-01  -2.2223234e+00
   1.0000000e+00  -2.1022969e-01   2.6160759e-01  -8.7188035e-01   6.9296400e-01   1.2209600e-01  -5.3103348e-01
   2.0000000e+00   4.2701555e-01  -8.0124101e-01   1.0738282e+00   9.6406019e-01  -3.1325755e-01   1.1223952e+00
   2.0000000e+00   1.3806787e-01  -3.5307099e-01  -2.0587511e+00   2.7811857e+00  -7.3468181e-01   7.3738140e-02
   2.0000000e+00   5.5850897e-01  -1.2021656e+00  -5.0396484e-02   5.4825237e-01  -9.2409976e-01   5.4746101e-01
   2.0000000e+00  -1.2002728e+00  -6.1620170e-01   3.4460203e-01   1.5208639e+00  -1.5143908e+00  -7.7920389e-01
   2.0000000e+00   6.6111530e-01   1.0790697e-01  -9.6182912e-01  -6.7305177e-01  -1.6567418e+00   2.3293481e+00
   1.0000000e+00   3.9218624e-01   2.5078584e-01   1.5265824e+00  -2.3117075e-01   6.2406791e-01   1.4594079e+00
   1.0000000e+00  -2.8976859e-01   2.8014115e-01   2.4255419e+00   5.4158426e-01   5.2830547e-01   5.9980464e-01
   1.0000000e+00   7.2339998e-01   3.5307730e-02  -5.7929045e-01  -6.0362330e-01   9.2053436e-01  -1.0657266e+00
   2.0000000e+00   3.8967803e-01  -1.8950269e+00   3.5197571e-01   2.9866660e-01  -5.1225387e-01   1.0197939e-01
   2.0000000e+00   3.9960656e-01  -4.4280842e-01   4.1698116e-01   2.6156125e-01  -6.9236488e-01   6.1888540e-01
   2.0000000e+00  -3.0793662e-01  -9.9348357e-01   7.5093454e-01   1.0985924e+00   1.0259020e-01   9.2028604e-01
   2.0000000e+00  -1.1583462e+00  -1.3993850e+00   9.1722088e-01   1.7995959e+00  -6.4301811e-01   1.2159935e+00
   2.0000000e+00   5.2727030e-03   9.1379432e-02  -1.4832425e+00   7.1160073e-01  -2.6074601e+00   7.6195139e-01
   2.0000000e+00   1.8598637e-01  -7.4518473e-01   5.7619513e-01   1.0357133e+00   1.6213237e+00   3.5476472e-01
   1.0000000e+00  -9.0152738e-01   2.1127698e-02   1.7051074e-01  -4.8183855e-01  -6.3534462e-01   1.3229878e-01
   2.0000000e+00  -1.7515647e+00  -6.4463699e-01   1.2376149e+00  -1.0476858e+00   4.5554293e-01  -2.2449295e-01
   1.0000000e+00   1.5622254e+00   2.9462345e-01   2.5601510e-02  -5.9967125e-01  -3.3942358e-01   3.8666767e-01
   2.0000000e+00  -1.5527837e+00  -1.4907052e+00  -4.2430762e-01  -1.5367453e+00   1.4976934e-01  -1.8662867e+00
   2.0000000e+00  -1.4455671e+00   3.7800743e-01  -1.0134116e+00   2.8551750e-01   1.9464971e+00   9.6186518e-01
   2.0000000e+00   1.4243770e+00  -3.4017377e-01   1.8168515e-01   3.0880580e-01   6.3630164e-01   1.3894995e+00
   2.0000000e+00   2.6036528e-01  -1.9372290e-01  -2.4147119e-01  -1.5771530e-01  -4.0935387e-01   2.3897033e-01
   1.0000000e+00  -1.9741801e+00   4.9009578e-01  -1.8271577e+00  -2.2851572e-01   6.0617461e-02  -2.6030824e-02
   2.0000000e+00  -1.0968983e+00   8.6079474e-01  -1.8059185e+00   5.4088104e-01   1.1011961e+00  -4.2755118e-01
   1.0000000e+00  -6.3479460e-01   1.6461793e-01   1.4012599e+00  -1.9862407e-02  -1.3845392e-01   4.5522197e-01
   1.0000000e+00  -1.3195692e+00   6.3062179e-02   1.7642035e-01  -9.8232502e-02   6.0351090e-01  -1.3458950e-01
   1.0000000e+00  -5.3350697e-01   4.7300994e-02   1.6900087e+00  -2.0278769e-01   8.4897818e-01   5.9358083e-01
   2.0000000e+00  -4.2600752e-01   1.2362790e+00  -1.2349277e+00   1.7892134e-01   2.7228844e-01  -2.0286489e+00
   2.0000000e+00   4.4100041e-01  -4.4680230e-01  -2.6398696e-01   1.1069005e+00  -6.5754657e-01   2.2543311e+00
   2.0000000e+00  -4.2461156e-01   5.3399840e-01   6.4167720e-01   2.1648301e+00   4.0115568e-01  -1.1066350e-02
   2.0000000e+00   1.2488888e-01  -7.5749796e-01   1.2540149e-01   1.5451673e+00   6.1037012e-01   9.9368613e-01
   1.0000000e+00  -2.7739357e-01   4.4871647e-01  -6.7197041e-01  -2.4552659e-01   1.2840792e-01  -1.6974505e-01
   2.0000000e+00   6.4532521e-01   9.7296870e-01   1.0804451e+00   1.4629104e-01   4.6629799e-01   1.0366082e+00
   2.0000000e+00  -1.2243030e+00  -1.0416243e+00   5.0396602e-01   1.8853969e+00   5.3018387e-01   1.8429712e-01
   2.0000000e+00   1.8952612e+00   3.0456697e+00  -1.2866586e+00  -1.7108649e-02  -1.0385694e+00   9.2710117e-01
   1.0000000e+00  -3.4348785e-01   8.0867151e-01   2.5479472e-01   3.9601637e-01   3.9524165e-01   2.4514187e-01
   2.0000000e+00  -1.4518783e+00  -1.0318420e+00   1.7973251e-01   4.3702793e-02   7.7068302e-01  -1.0215458e+00
   1.0000000e+00   3.7099529e-01   2.2906060e-01   1.6083167e+00  -3.3514250e-01  -2.2461053e-01   2.3430061e-02
   2.0000000e+00  -9.4222656e-02  -4.2143181e-01  -1.0310171e+00   2.5845475e-01  -1.9229976e+00  -8.6596068e-01
   2.0000000e+00   3.7801882e-01  -9.3591300e-01   3.0966304e-02  -1.3362595e-01   5.1402917e-01   4.4070325e-01
   2.0000000e+00   2.7449289e-01  -3.1036265e-01  -3.5758780e-01  -7.2032467e-01   8.5099201e-01  -3.0640067e-01
   2.0000000e+00  -7.3704750e-01   1.8387365e-01   7.2247198e-01  -2.2520686e+00  -1.3716868e+00   2.3706073e+00
   2.0000000e+00   7.5750122e-01  -1.4382018e+00   1.7926636e+00   2.7610359e-01   7.2127259e-01   5.5735594e-03
   2.0000000e+00   1.1606954e+00  -3.6478393e-01  -2.5479381e+00   1.0333719e+00  -9.1456364e-01   2.3599921e-01
   2.0000000e+00  -1.9176217e+00  -2.9966491e-01  -2.2479559e-02   6.3026172e-01   6.4578800e-01  -1.2437279e+00
   1.0000000e+00   1.7461805e-01   7.2245179e-01   8.5885535e-01   3.0307784e-01   3.4355435e-01  -7.9240078e-02
   2.0000000e+00   7.9119503e-01  -7.7136670e-01  -6.7109641e-01   9.8753323e-01  -6.2766244e-01  -3.0382747e+00
   1.0000000e+00   2.1673143e-01   3.4926391e-01  -1.2017231e+00  -1.1183499e+00   3.7159526e-01  -5.7534018e-01
   2.0000000e+00   6.6055344e-01  -1.0999356e+00   9.7250035e-01   1.2451889e+00   2.2280549e+00   3.5815174e-01
   2.0000000e+00  -1.1877180e+00  -6.5693019e-01  -9.2499777e-01  -3.3933583e-01  -1.1127749e+00   3.6614426e-01
   2.0000000e+00   7.8931972e-01  -6.8638265e-01   1.0973829e+00  -7.9144392e-01   2.0166240e-01  -1.6930600e-01
   2.0000000e+00  -4.4845944e-01   7.2375162e-01   1.1505909e+00  -4.2166422e-01  -8.0245958e-01   1.2646003e+00
   1.0000000e+00  -9.7326075e-02   7.5970300e-01   1.9333116e+00   6.9285778e-01  -2.2306853e-01  -3.3917388e-01
   2.0000000e+00  -8.9465734e-01  -2.9846574e-01  -1.1210445e+00  -1.4926196e+00  -9.6785004e-02  -5.1389115e-01
   1.0000000e+00   2.2517490e-02   8.2147735e-01  -3.6155137e-01   1.1924279e-01  -3.6381758e-01  -5.4638459e-01
   1.0000000e+00  -1.5377469e-01   1.3680434e-01   7.9623691e-02  -2.2047886e-01  -3.6991189e-02  -1.5045475e+00
   1.0000000e+00  -1.0406739e+00   7.7617899e-01  -9.0748715e-01   5.8532723e-01  -1.1967852e-01  -2.8339822e-01
   2.0000000e+00   2.3594844e-01   1.7235786e-01   4.1442607e-01  -1.2185177e+00  -1.2683699e+00  -7.3645972e-01
   2.0000000e+00   1.5824170e+00   1.4273174e+00   1.0545040e+00  -1.9388318e-01   6.4473681e-01  -1.4509995e+00
   2.0000000e+00  -6.8835869e-01  -1.3937990e+00   2.2912448e-01   8.1736024e-01  -7.8041942e-01   1.1939470e+00
   2.0000000e+00  -3.8099325e-01  -4.3683141e-01  -1.1667179e+00   4.0204185e-01  -4.1619503e-01   8.7514761e-01
   2.0000000e+00  -3.2562527e-01  -3.4821826e-01  -1.8259727e+00   2.1049037e+00   5.7639442e-01  -1.7794466e+00
   1.0000000e+00  -1.6434190e+00   1.6600882e-01  -2.0275675e-02   4.4690690e-02   2.3960554e-01   7.8836319e-01
   2.0000000e+00   9.5462707e-01  -1.5400555e+00  -3.3832422e-01  -4.2748364e-01   9.7142928e-01  -2.6941566e-01
   2.0000000e+00  -4.1552621e-02   1.2950312e-01  -9.4890990e-02   2.5051314e-01  -2.2918946e+00  -6.8278062e-01
   2.0000000e+00  -7.5015420e-01   3.7031142e-01   2.0061440e-02   3.5575646e-01  -1.0248797e+00   5.8324096e-01
   2.0000000e+00   5.9907613e-01   8.8043705e-01  -5.4571915e-01   1.9885019e-01  -2.2640234e+00  -3.7877921e-01
   1.0000000e+00  -1.0300285e+00   4.8582202e-01  -8.1818368e-01  -1.2491951e+00  -6.5519378e-01   6.5663860e-01
   2.0000000e+00  -2.0603364e-01  -4.1145856e-01   1.3317100e-01  -1.0295491e-01   8.8191417e-01   6.5470219e-01
   2.0000000e+00   5.5576235e-01  -4.1762049e-01   1.1610515e+00   5.9050509e-02  -4.4130858e-01  -3.3098482e-01
   2.0000000e+00   1.2699654e+00   5.2131972e-01   1.2946942e+00   1.0121436e+00   1.2960737e+00  -3.0325874e+00
   2.0000000e+00  -1.6023488e+00   5.3461705e-01   2.1046009e+00   6.8717457e-01  -1.7647752e+00   3.7754402e-01
   2.0000000e+00   4.6878310e-02  -9.7465886e-02   3.4300538e-01   1.0560369e+00   3.5760462e-01   2.6631796e-01
   2.0000000e+00   5.2850013e-01  -1.2095666e+00   8.0863220e-01  -7.9791009e-01   9.9100765e-01  -6.2666009e-01
   2.0000000e+00  -1.0554153e+00  -5.0247997e-01   1.9207888e+00  -2.2686625e-01   5.3905849e-01  -3.6657362e-01
   2.0000000e+00   1.8086809e+00  -6.1636390e-01  -8.5691733e-01  -5.1515022e-01   2.6301592e-01  -1.3624568e+00
   1.0000000e+00   4.3928452e-01   3.9719640e-01  -1.1661573e+00   1.6261872e+00  -8.8526476e-01   1.0731246e+00
   1.0000000e+00   4.8353617e-01   6.5852605e-01  -7.9025188e-01   1.7692820e-01  -5.5919331e-01   3.6340263e-01
   1.0000000e+00   9.6681220e-01   8.9932463e-01  -1.1879129e+00  -8.2385585e-01  -1.6228152e-01   4.0241548e-01
   1.0000000e+00  -8.8755667e-01   1.0692308e-01   2.4296119e+00   2.8887945e-01  -5.8362828e-01   1.2745894e+00
   2.0000000e+00  -4.5483962e-01  -1.7104236e+00  -1.2944452e+00   1.8633416e+00   3.4921907e-01   4.9317593e-01
   2.0000000e+00   1.3579141e-01   4.6991082e-01   4.6175088e-01   3.4480098e-01   1.7928390e+00  -3.2806644e-01
   2.0000000e+00   5.2803929e-01  -9.4198138e-01  -1.6773456e+00   1.1902065e+00   5.8743581e-01   4.1882019e-02
   2.0000000e+00   1.7134673e-01  -5.0536132e-01   8.2230337e-01  -1.2808343e+00  -5.3210810e-01   9.3935564e-01
   1.0000000e+00   1.0723229e+00   9.3327595e-01   2.0338036e+00   1.0269326e+00  -2.5173919e-01   1.1984368e+00
   2.0000000e+00   1.7275861e+00  -7.7256517e-02   1.7129045e+00  -7.5251926e-01  -6.7379670e-01   6.6091743e-01
   1.0000000e+00   1.8722935e+00   4.0827622e-01  -3.7849063e-01   5.6808730e-01  -7.3877556e-01   1.4648265e+00
   2.0000000e+00   6.6030505e-01   1.3593434e+00  -1.1960026e+00  -8.5233089e-01   4.6466105e-01  -4.7203033e-02
   2.0000000e+00  -1.1794631e-01   9.8204313e-01   2.3316676e+00   1.6027020e+00  -1.0217168e+00   8.0860002e-02
   2.0000000e+00   1.4255982e+00   2.4161404e-01   8.3218973e-01   1.3274038e+00  -1.1177458e+00  -8.2795029e-01
   1.0000000e+00  -4.6608347e-01   2.5072333e-01  -1.1139170e+00   1.2741416e+00  -4.1644888e-01  -6.0094911e-01
   2.0000000e+00  -1.1258365e-01  -1.5476405e+00  -3.0450051e+00  -2.2352549e+00  -5.1746908e-01   2.1167885e+00
   1.0000000e+00  -3.8375870e-01   8.9406477e-01  -1.8919389e+00   1.8457347e-01  -3.1386892e-01   1.6011372e+00
   2.0000000e+00   5.3882775e-01   1.5623706e+00  -4.6686301e-01   1.9929463e+00  -2.9612913e-01  -6.1453109e-02
   2.0000000e+00   9.7932478e-01   2.6561258e-01   6.8263390e-01  -5.0443053e-02  -9.9025644e-01  -1.0125555e+00
   2.0000000e+00   1.5982028e+00  -1.6305780e+00  -2.5609017e+00   5.9423174e-01  -1.4891824e+00   3.9333031e-01
   2.0000000e+00   6.4126395e-02  -3.8650607e-01  -1.4240534e+00  -3.9853810e-01   8.6828298e-01  -2.1320857e+00
   1.0000000e+00   3.3562562e-01   2.3603775e-01   3.1712951e-01   1.6818116e+00   2.1421400e-01   3.4966007e-01
   2.0000000e+00  -8.8976758e-02   2.0384081e+00  -1.3699398e+00   4.9122966e-01   9.3412830e-02   1.2402627e-01
   2.0000000e+00   2.5739948e-01  -2.3779389e-01  -1.2981518e+00  -3.7213248e-01  -5.3338219e-01  -3.7882017e-01
   1.0000000e+00   2.0558433e-01   4.9595493e-01   3.7892610e+00   2.3383592e-01   2.7321650e-01  -6.4312160e-01
   2.0000000e+00   2.7918568e-01  -2.2062449e-01  -6.9167345e-01   1.0133754e-01  -1.3809053e+00  -6.7596507e-02
   1.0000000e+00  -1.1205430e+00   1.9466352e-01   2.9823776e-01   1.1394758e+00   3.9777505e-02  -5.6340171e-01
   2.0000000e+00  -1.1267823e+00  -4.4612064e-01   4.7760045e-01  -2.0411264e-01  -1.9362183e+00   1.1678344e-01
   2.0000000e+00   2.3590362e-01  -4.5386640e-01   5.7708213e-01  -3.5367657e-01  -1.0207505e+00  -9.0125512e-01
   2.0000000e+00  -2.2340720e+00  -1.1485067e+00  -8.3738978e-01  -1.3708393e+00   2.3960658e-02  -1.4427816e-01
   1.0000000e+00   7.1486474e-02   2.3744464e-01  -9.3776111e-01  -3.1835578e-01   1.4486759e-01   6.4222064e-01
   2.0000000e+00  -1.3852947e-01  -4.4215270e-02   8.3200797e-01  -2.4183383e-01   1.3210173e+00  -2.8413460e-01
   2.0000000e+00  -2.9872365e-01  -1.1238761e+00   7.5738764e-01  -1.7831460e+00   1.7822508e+00  -6.6843652e-02
   1.0000000e+00  -4.6947748e-01   6.3216335e-01   4.1862519e-01  -8.5926021e-01  -1.6759580e-01   9.3374521e-01
   2.0000000e+00   2.5406426e-01  -5.0316256e-02  -1.5056567e-01   5.2225868e-01  -3.7692724e-02   2.0535696e-01
   2.0000000e+00   4.0874846e-01  -1.0589225e+00  -7.3014155e-01  -6.1915263e-01   1.5247731e+00  -2.6032359e-01
   2.0000000e+00   3.9796974e-02  -4.4482937e-01  -3.8828201e-03  -6.0099398e-01   1.2986852e+00  -4.2012771e-01
   2.0000000e+00   9.8167782e-01   7.4952198e-01   1.3061011e+00   8.0203051e-01  -1.6747125e+00   3.4624826e-01
   1.0000000e+00  -1.3217735e+00   2.3034223e-01   8.8631656e-01   3.9209267e-02   6.3306502e-01   3.3799313e-01
   2.0000000e+00   3.5440258e-02  -1.8348084e-01  -1.0743906e+00  -1.9048492e+00   1.9390716e-01   1.7824116e+00
   2.0000000e+00  -6.0374188e-01  -5.5303256e-01   1.2914367e-02   1.1763993e+00   2.1367196e+00  -2.1875166e+00
   2.0000000e+00   1.6952780e+00  -1.1031639e+00   3.7411557e-01   6.9689681e-01  -2.4660518e-01   2.8349578e-01
   1.0000000e+00  -8.4475789e-01   7.4281809e-01   1.7668479e+00  -9.7448129e-01   6.1704956e-01  -3.7356691e-01
   2.0000000e+00  -7.1614156e-01   5.2613740e-01  -7.8123570e-01  -1.4680524e+00   1.1569862e+00   1.1447504e-01
   2.0000000e+00  -5.7485536e-03   1.2540925e+00   2.8601211e-02  -1.4544866e-02   8.4712677e-01  -8.6512327e-01
   2.0000000e+00   1.5526352e+00  -9.9177242e-01  -8.8811925e-01  -4.7578853e-01   1.2255589e+00  -8.9967802e-02
   2.0000000e+00   2.3840849e-01  -1.3721475e+00  -2.8509374e-01  -2.5225674e-01  -1.2047709e+00  -2.1912273e-01
   2.0000000e+00  -1.0547361e+00   3.1114298e-01  -1.2606892e+00   7.3329147e-01   9.6299349e-01   4.5406069e-01
   2.0000000e+00   6.6543116e-01   9.3785027e-01   4.1671860e-01   1.7860077e+00   5.4793206e-01  -3.2630248e-01
   2.0000000e+00   6.1872987e-01  -9.8740583e-01   4.1912243e-01  -1.3453135e-01  -1.9661924e+00  -2.5912721e+00
   2.0000000e+00  -6.8230179e-01  -2.3649759e-02   5.9100523e-01  -1.0196118e+00  -1.7737080e+00  -3.7334712e-01
   2.0000000e+00   1.3949792e+00  -9.2578264e-02  -7.9539223e-01   1.6899465e+00   1.9946162e-01  -2.0191681e-01
   2.0000000e+00   2.7466434e-01  -1.3349982e+00  -9.8446364e-02  -1.3494411e+00   9.2288561e-01  -3.8968181e-01
   1.0000000e+00   2.3820423e+00   4.3148709e-01   4.2531979e-01  -7.8547831e-01   4.2507659e-01  -6.0171501e-01
   2.0000000e+00  -1.7813712e+00  -1.6545176e+00   1.7953701e+00  -1.9937466e-01  -5.4010724e-01   1.1195814e-01
   2.0000000e+00   5.8669980e-01  -9.6380369e-01   1.7087983e+00  -5.6898499e-01   5.5053207e-01   1.2260891e+00
   2.0000000e+00  -2.1308370e-01  -1.2221394e+00   9.4956572e-01   9.6653742e-01   5.9333648e-01  -1.9261683e+00
   2.0000000e+00  -1.1111628e+00  -1.2839401e-01   8.1045619e-01   8.8990553e-01  -3.7970759e-01   1.7434308e+00
   1.0000000e+00   4.6830685e-01   2.2437189e-01  -7.2994675e-01   4.9440952e-01   5.7336488e-01  -1.9141676e+00
   2.0000000e+00   1.4449624e+00  -1.4534945e-01   6.6913485e-01   2.1630849e-01   1.4417025e+00  -1.7053498e-01
   2.0000000e+00  -4.4483093e-02  -5.3017243e-01  -1.3342082e+00  -3.7730004e-02  -2.3741352e+00  -1.2210188e+00
   2.0000000e+00   5.7484888e-01  -1.9182731e+00   3.1342980e-01  -6.3290094e-01   2.1969912e-02   8.0497192e-01
   2.0000000e+00   5.1187102e-01   1.4094424e+00   4.1438665e-02   7.6701236e-01  -6.0146075e-02  -1.8029251e+00
   2.0000000e+00  -7.2971190e-02   1.4399320e+00   1.0945961e+00   6.5281352e-01   1.9843171e+00  -1.5784941e+00
   2.0000000e+00   1.0316341e-01  -1.2645565e+00   2.1326767e-01   8.8217630e-01  -5.1491136e-01   1.7562717e+00
   2.0000000e+00   3.9094989e-01  -1.1317618e+00  -8.8248324e-03   5.8266701e-01   1.9131742e+00   2.6804907e-01
   1.0000000e+00  -3.5173944e-01   3.9300426e-01   1.8713311e-01   2.0696033e-01  -1.0590106e-01  -3.1884591e-01
   2.0000000e+00  -1.2104424e+00   3.5208104e-01   5.6884215e-01  -5.5312336e-01   1.4778321e+00   8.0802764e-01
   2.0000000e+00   1.7841392e+00   1.5841090e+00   1.3259326e+00  -4.7142151e-01  -6.9812205e-01   4.6478549e-01
   2.0000000e+00  -8.8357324e-02  -3.6809449e-01   4.6495632e-01  -7.0360786e-01  -6.2721791e-01  -2.8113915e-01
   2.0000000e+00   9.2122803e-01   7.7757631e-01   9.8670007e-01  -6.4746651e-01  -1.4354902e+00   9.9765158e-01
   1.0000000e+00   1.1449940e+00   1.9733841e-01  -1.7983951e+00   1.1743359e+00  -3.7470076e-01   7.9428468e-02
   2.0000000e+00  -1.4864609e+00   1.0525420e+00   1.4248138e+00   5.4191866e-01  -8.8095633e-01  -3.7814361e-01
   2.0000000e+00  -1.1403666e+00   1.0607160e+00  -1.4345172e+00   1.2324804e+00  -7.0464378e-01   1.0771526e+00
   2.0000000e+00  -5.2363253e-02  -1.2910592e+00  -5.5606938e-01   1.4007071e+00   1.6775522e+00  -5.3642284e-01
   2.0000000e+00  -9.2732010e-01   4.8633830e-01  -9.8915128e-01  -2.9745799e-01  -2.1106431e+00  -4.6088095e-01
   2.0000000e+00  -3.6632388e-01   2.4252480e+00  -1.1313926e+00   9.8406843e-02   8.0158543e-01   7.8617736e-01
   2.0000000e+00   1.3987800e+00  -1.3886995e-01  -1.1987778e+00   1.6025882e+00   3.9731993e-01  -7.4716788e-01
   1.0000000e+00  -1.2758450e+00   1.1925138e-01   2.8538273e+00  -1.8533055e+00  -7.9950758e-01   7.1350163e-01
   2.0000000e+00   8.5241353e-01  -1.4373402e+00  -1.2135488e+00   5.2834506e-01   4.7528868e-01   9.9937940e-01
   2.0000000e+00  -7.5255354e-01   9.6099865e-01   8.2378659e-01   1.1973339e+00  -5.5370563e-01  -2.5629713e-01
   2.0000000e+00   9.2850747e-01   1.1883712e+00  -6.6342064e-01   1.8666594e+00   9.9619682e-01  -3.2435932e-02
   2.0000000e+00   4.6809732e-01  -5.2356361e-01  -1.0366777e+00  -1.9219322e-01  -6.7218782e-01   4.5811296e-01
   1.0000000e+00   2.7040650e-01   2.1666822e-01  -1.0544647e+00   3.1010104e-01  -3.5724110e-01   1.8429669e+00
   2.0000000e+00   7.4316532e-01  -1.3097190e+00  -1.6558885e-01   1.0341702e+00  -6.4564044e-02   9.6890279e-02
   2.0000000e+00  -3.0119525e-01  -1.8419064e-01  -1.3245407e-01  -1.9524911e-01  -1.0798531e+00   1.3378405e+00
   2.0000000e+00  -7.5236610e-03   4.1980210e-01   1.1871479e+00   4.5865353e-01  -1.0910130e+00  -1.7537030e+00
   2.0000000e+00   6.5945036e-02  -8.9247131e-02   7.0121212e-02   3.0566406e-01  -1.6160279e+00  -1.2678941e-01
   1.0000000e+00   3.2379333e-01   4.7341980e-01   1.7773023e+00   8.6919712e-01   2.3795106e-01  -1.0055121e+00
   2.0000000e+00   5.1697376e-01  -7.3512479e-01  -1.0055757e+00   4.1072318e-01   1.9856934e+00  -4.3072023e-01
   2.0000000e+00   1.8203260e+00  -4.8485276e-01   1.8126138e+00   1.6803933e-01   9.1085470e-01  -2.6944684e-03
   2.0000000e+00  -1.7257186e+00   5.4733896e-01  -2.4141175e+00   9.6385994e-02   1.1189165e+00  -6.6584817e-01
   2.0000000e+00   1.7006941e+00   1.3392061e-01   4.2217847e-01  -3.6088126e-01  -1.0269198e+00   5.8739807e-02
   2.0000000e+00  -1.0692544e+00  -3.5376299e-01   1.0819592e+00   2.1359776e-01   5.6563259e-01  -1.7884663e+00
   1.0000000e+00  -1.5908674e+00   5.7174817e-01   2.7184894e-01  -5.7005535e-01   8.7275906e-02   5.8223732e-01
   2.0000000e+00  -1.3146720e+00  -5.6761171e-01  -1.2978388e+00   6.2213744e-01   8.9422352e-01  -1.5996347e+00
   2.0000000e+00  -1.2937277e+00  -3.1179378e-01  -5.8461972e-01  -2.2825541e+00   3.3501352e-01  -1.0262870e+00
   2.0000000e+00  -1.3163603e+00  -2.9650135e-01  -1.1309969e+00   2.5008499e-01  -3.0447301e-01  -7.3151388e-01
   1.0000000e+00   3.5423590e-01   5.7411108e-01  -2.3520298e+00  -6.7707015e-01  -1.6142156e-01   1.7727516e+00
   2.0000000e+00  -6.7777577e-01  -5.8575846e-01   6.7979010e-01  -2.0047241e-01  -9.3636422e-02  -1.6402138e-01
   2.0000000e+00   6.3021730e-01  -9.2405864e-01  -2.0642774e+00   5.3255743e-01  -5.6707497e-01  -3.4416009e-01
   2.0000000e+00  -1.5746226e+00   6.6490902e-01  -7.9334639e-02  -1.3273508e+00   9.6616150e-01  -1.0676733e+00
   2.0000000e+00  -3.3341428e-01  -7.7605912e-01   1.1471792e+00   1.5961130e+00   1.6987658e-01  -1.0004522e+00
   2.0000000e+00  -9.3048373e-01  -9.9793932e-02  -1.2623432e+00  -3.2430426e-02   5.2968356e-02  -7.9904583e-01
   2.0000000e+00  -4.7570920e-01  -2.4830661e-01   9.5780455e-01   3.8165959e-01  -1.0274302e+00  -1.7510407e+00
   2.0000000e+00   4.3857515e-01   6.1789916e-01   1.7171373e+00  -8.3529492e-01  -1.7355637e+00  -3.7457603e-01
   2.0000000e+00   1.7230351e-01  -9.1147279e-01  -1.5277983e-01  -2.2139209e+00  -1.7603078e+00  -1.1594618e+00
   2.0000000e+00   2.0775611e-01  -1.4688112e+00   1.4795593e+00   4.6488886e-01   5.5818691e-01  -1.3128418e+00
   1.0000000e+00  -8.8868333e-01   7.7540941e-02   1.1768489e+00   1.3556980e+00   5.2276727e-01  -3.1721211e-01
   1.0000000e+00  -2.7106612e-02   7.2031407e-01   4.2486680e-01  -8.7922141e-01   2.8627608e-01   1.0124501e+00
   2.0000000e+00  -2.1268618e-01  -8.0014466e-01   6.2509923e-02   3.2834473e-01  -1.0680322e+00  -1.4912230e+00
   2.0000000e+00   6.3281647e-02   1.1274843e+00  -8.0777249e-01  -7.9473756e-01  -1.0911045e+00   4.8946791e-01
   2.0000000e+00  -1.6534769e+00  -7.1217518e-01   1.3387826e+00   5.4363076e-01   1.3962688e-01  -5.5682089e-01
   2.0000000e+00   5.4156927e-01  -3.1410041e-01  -3.3831337e-01   4.1205601e-02  -1.0261584e-01  -1.3276080e+00
   2.0000000e+00  -2.8710668e-01  -1.0997547e+00  -3.4006926e-01  -1.4684758e+00  -2.5295251e-01   7.3167912e-01
   2.0000000e+00  -2.1868627e-01  -2.4511099e+00   2.9092532e-02  -1.2788737e+00  -6.7510021e-01  -2.0231717e+00
   2.0000000e+00  -5.3014157e-01   1.1667678e+00   2.6179024e+00  -4.0087756e-01  -6.1007737e-02   5.0940841e-01
   1.0000000e+00  -3.7450099e-01   6.2575887e-01   5.4481812e-01  -4.7214627e-01   5.0913804e-01   1.3331618e-01
   2.0000000e+00  -4.6699476e-01   1.0844054e-01   2.6350686e-01  -1.5215108e+00  -1.0542146e+00   9.7062704e-01
   2.0000000e+00  -1.0161645e+00  -6.2735657e-01  -3.5238294e-01   4.6558975e-01   4.5542847e-01   8.1131472e-01
   2.0000000e+00   1.0281335e+00  -6.2497284e-01   2.5737627e-01   1.5405898e-01  -1.0507130e+00   1.4868840e+00
   2.0000000e+00   2.1021337e-01  -9.5405614e-01  -6.1362214e-01  -5.8081534e-01  -3.1903693e-01   4.0411086e-01
   2.0000000e+00   1.0023814e+00  -1.2960822e+00  -1.0404326e+00   2.5419216e-01  -1.4871420e-01  -1.4613186e+00
   1.0000000e+00  -8.0118040e-01   5.7042024e-02  -1.4436046e+00   1.0680953e+00  -9.8113032e-01   1.1986139e+00
   2.0000000e+00  -3.3952770e-03  -1.1257920e-01  -1.4040200e+00   2.3342449e-01   9.9155203e-01  -1.0165743e+00
   2.0000000e+00  -8.0608912e-01  -1.6752897e+00   1.2176309e-01   1.4664155e+00  -1.2724254e+00  -3.9534785e-01
   2.0000000e+00  -9.1468100e-01   9.6863475e-01   1.2985277e+00   1.3017832e+00  -6.0184504e-01   1.9336147e+00
   2.0000000e+00  -1.8334536e+00  -9.4104313e-01  -1.2623865e+00   5.7822071e-01  -1.0793236e+00   7.0518372e-01
   2.0000000e+00  -1.5693969e-01  -4.5899060e-01  -2.2805995e+00   2.6933997e-01   1.1824264e+00  -8.2186546e-01
   2.0000000e+00  -1.0888619e+00   3.8648114e-02   5.8243984e-01  -9.7588041e-01  -2.8329603e+00  -1.2066473e-03
   1.0000000e+00  -1.8599722e-01   5.0222208e-01  -7.5171131e-01  -1.6726642e+00   3.3177730e-01   1.9841050e+00
   2.0000000e+00  -2.6967729e-01   1.9822614e+00   1.5877497e+00  -8.1037409e-01  -5.3242108e-02  -1.0620843e+00
   1.0000000e+00   8.0693049e-02   5.8414148e-01  -1.6905783e+00  -5.3013374e-01  -6.9681422e-01   5.0469564e-01
   2.0000000e+00   3.2999101e-01  -4.4239831e-01  -7.9464710e-01   6.3605159e-01  -4.4441593e-01  -8.9183168e-01
   2.0000000e+00  -8.8533484e-01  -1.8045416e+00  -1.3388788e+00   3.2621794e-01   1.2642538e+00  -1.2625289e+00
   1.0000000e+00  -4.5167008e-01   2.9480751e-01  -1.2385654e+00  -1.0887928e+00  -5.4447909e-01  -1.6873898e+00
   2.0000000e+00   1.0593131e+00   2.3812916e+00  -1.5969788e+00  -8.9413806e-01  -6.3574056e-01  -4.1557583e-01
   2.0000000e+00  -2.2720093e-01  -1.7597081e-01   7.7083225e-01   1.0023891e+00  -8.9328395e-01  -2.2426526e-03
   2.0000000e+00  -4.6635728e-01   1.2838503e+00  -1.0122029e-01  -1.2054922e+00  -3.8170406e-02  -1.1314892e+00
   2.0000000e+00  -3.8334293e-02   1.0357869e+00   2.3542568e-01  -1.3404604e+00  -6.9684884e-01   8.8913389e-01
   2.0000000e+00   5.2178473e-01  -1.0236927e+00   2.6134724e+00   1.7018638e-01   1.0800737e+00  -4.4464994e-01
   2.0000000e+00   8.0315757e-01  -1.9056368e-01  -1.0722466e+00  -2.8898639e-01  -2.2072961e+00  -3.4183741e-01
   2.0000000e+00  -4.8388946e-01   8.7431485e-01   5.7420218e-01   6.9292985e-01  -1.0862244e+00  -4.9272045e-01
   2.0000000e+00   1.7233552e+00  -3.4832763e-01  -8.7671678e-01  -3.8090515e-01   1.2209057e+00  -1.5071503e+00
   2.0000000e+00  -9.0579821e-01   1.9799053e+00  -1.0066265e+00  -6.3509704e-01  -3.5990548e-02   1.0992583e+00
   2.0000000e+00   5.2819470e-01   1.6299377e+00  -5.1753865e-01   4.3303604e-02   1.8535968e+00  -6.7822764e-01
   2.0000000e+00   7.5081798e-01   7.8318091e-01   2.1524054e-02   6.7896442e-01   2.0296012e+00  -1.5895234e-01
   2.0000000e+00  -2.0785854e+00  -2.8383167e-01   9.1101779e-01  -2.3742286e-01  -4.8561966e-01   6.0636647e-01
   2.0000000e+00   4.4683129e-01   2.0467700e+00  -1.7634377e+00   1.0372405e-01   1.6590735e+00  -1.9779770e+00
   2.0000000e+00  -3.4421360e-01   1.4804069e+00   4.1024559e-01  -7.8416947e-01   1.3751984e-01   2.5321536e-01
   2.0000000e+00   1.4425771e+00  -5.7551128e-01   1.1194435e+00   9.9596346e-01  -2.8242212e+00  -1.2843299e-01
   2.0000000e+00   2.2299090e-01  -1.0531384e+00   6.9378246e-01   8.3412450e-01   1.1741150e+00   6.0050835e-01
   1.0000000e+00  -1.2243224e+00   3.1989439e-01   2.6934986e-01   7.2059243e-01  -4.7613415e-02  -9.4228644e-01
   2.0000000e+00   1.6755725e+00  -2.6048750e-01  -4.9594764e-01   7.9184950e-01   4.4029940e-01  -3.6957205e-02
   2.0000000e+00  -7.1994056e-01   2.1430464e+00  -2.7141542e-03   5.3843764e-01  -1.6289560e-01   5.2849314e-01
   2.0000000e+00  -7.0511166e-01   1.2581904e+00   5.2185009e-02   1.4079227e-01   6.6838807e-01  -2.7257355e-01
   2.0000000e+00   1.2289883e+00  -3.4817395e-01  -6.8127700e-01  -7.0131981e-01   9.5136989e-01  -1.0213769e+00
   2.0000000e+00  -4.2845279e-02   1.5347138e+00  -1.9167795e+00  -2.6524992e-01  -1.1005328e+00   1.4234717e+00
   2.0000000e+00   8.8441978e-01  -2.0731120e+00   5.4274786e-01  -1.0765398e-01  -6.5527422e-01  -5.7751553e-02
   2.0000000e+00   1.2991794e-01   1.5330292e+00   1.8230269e-01  -2.2233951e-01  -6.9828146e-02   8.9954482e-01
   1.0000000e+00  -1.0836974e-01   6.3945197e-01   1.2437840e+00  -1.3616675e+00  -6.8496531e-01  -5.6182491e-02
   2.0000000e+00   9.1113946e-01   2.0349585e+00   9.5504644e-01   9.6172397e-01   7.6669872e-01  -3.1350945e-01
   2.0000000e+00  -1.1140153e+00  -1.1520855e+00   5.9497970e-01  -1.8417251e+00  -4.8517384e-01   1.5090548e+00
   2.0000000e+00  -3.3916294e-01  -1.2276707e+00   3.3916992e-01  -1.4716447e+00  -5.8558252e-01  -9.2012064e-01
   2.0000000e+00  -1.7797061e+00   2.6661923e-01  -1.6232962e+00   9.7889998e-01  -1.0204660e+00  -2.9120557e-01
   2.0000000e+00  -5.5001360e-01  -9.9836842e-01   2.7165639e-01   1.5792916e+00  -1.8576091e+00   1.5493743e+00
   1.0000000e+00   1.2083793e+00   4.0266707e-02  -1.4872731e+00  -3.8652056e-01   8.1792791e-02   2.2866484e+00
   2.0000000e+00  -1.0694999e+00  -6.9120786e-01  -2.9679678e-01  -2.8456375e-02   4.7404198e-01   1.1455276e+00
   2.0000000e+00   2.2101463e+00  -1.2786369e+00   2.8367002e-01  -5.8456363e-01  -5.8739093e-01   8.6670487e-03
   1.0000000e+00   1.5260893e+00   7.6358107e-01   1.3993970e+00  -1.4218233e-01  -4.1979601e-01   5.2669722e-03
   2.0000000e+00   7.2903014e-01   1.7224657e+00  -8.7489988e-01  -1.0277568e+00  -1.3717369e+00  -1.4817195e-01
   2.0000000e+00   2.2917227e-02   1.6323286e+00   1.2192678e-01   4.4305232e-01  -6.8270803e-01   2.6980687e-01
   2.0000000e+00   3.0502117e-01   9.8181781e-01  -1.1006791e+00  -1.1217282e+00  -1.5759513e+00  -1.2447479e+00
   1.0000000e+00   1.2831416e-01   2.8412835e-01   6.2895588e-01   7.6333728e-01  -7.8472509e-01   1.2506597e+00
   2.0000000e+00   9.6205353e-01   1.1926557e+00  -5.0384701e-01  -1.6536853e-02   2.6010491e-01  -2.1484740e-01
   2.0000000e+00   6.4651417e-01  -1.1688589e-01  -1.3615253e+00   2.3245776e-01   3.5171057e-01  -3.1361048e-01
   2.0000000e+00   5.2442250e-01  -1.4302021e+00   3.8523670e-01   2.2970906e+00  -1.6717033e+00  -1.5587858e-01
   1.0000000e+00  -1.4068618e+00   4.2852757e-01  -1.8102172e-01   4.8700677e-01  -3.8132255e-02  -3.2793038e-01
   2.0000000e+00  -1.6565534e+00   2.0709193e+00   1.6587221e-01  -1.4669301e+00   6.4731604e-01   2.5594358e-02
   2.0000000e+00  -1.5113135e-01  -6.8129944e-01   5.1692621e-01   5.6450178e-01  -4.7405457e-02  -4.0012139e-01
   1.0000000e+00  -9.4908882e-01   5.9844821e-01   8.6755874e-01   3.2405165e-01  -2.1639011e-01  -9.6189816e-01
   2.0000000e+00   1.7443826e+00   5.9579201e-01  -8.2201512e-01   1.9500650e+00  -1.8241407e+00  -4.2286047e-01
   2.0000000e+00   2.0067351e+00  -6.8078981e-01  -3.2303382e-01   1.3332198e+00  -1.3656064e+00   1.5473497e+00
   2.0000000e+00  -1.0239676e+00   1.1390491e+00   3.7929542e-02   6.1567064e-02   9.8515011e-01   4.3114233e-01
   1.0000000e+00  -1.7891335e-01   3.9988851e-01  -4.7896147e-01  -6.2782564e-01   2.5431378e-01  -1.7262632e+00
   2.0000000e+00   3.8372934e+00  -1.1244365e+00  -1.4409789e+00   4.0006776e-01  -3.4520661e-01  -5.5150284e-01
   1.0000000e+00  -9.0185191e-01   1.6471352e-02  -9.6107601e-01  -2.3422071e-01   9.6482597e-01  -9.0410472e-01
   1.0000000e+00   1.2599476e+00   2.1755937e-01   8.2003373e-02  -2.4539482e-01   2.5286838e-01  -1.6452789e+00
   2.0000000e+00  -9.3654389e-01  -3.2978584e-01   1.0275212e+00   6.8278494e-01  -5.7485623e-01  -2.4040786e-01
   1.0000000e+00   9.2003606e-01   9.5987749e-01   1.3585357e-01  -5.8508348e-01   1.2192298e-01  -1.5481535e+00
   2.0000000e+00  -1.9447899e-01  -1.1292828e+00   1.0308968e+00  -3.4353191e-01  -1.6944515e+00   5.7253228e-01
   1.0000000e+00   1.4102567e+00   2.6662722e-01  -1.8825092e-01   1.4747038e+00  -8.5118336e-01  -1.5789681e+00
   2.0000000e+00  -1.2060662e-01  -1.7508331e+00   1.2020093e-01   7.7574673e-01   1.6856893e+00   3.5609110e-01
   2.0000000e+00  -5.8031648e-01  -1.5785276e+00   5.8208333e-01  -9.2781330e-01  -2.4687305e-02   1.4792281e+00
   2.0000000e+00   8.4476129e-01  -8.6922528e-01   4.6938447e-01   2.0171742e-01  -5.2131747e-01   1.7465550e+00
   2.0000000e+00  -5.5907193e-01   9.5232597e-01   9.3722480e-01  -4.9492174e-01   1.4353985e+00   1.0275948e+00
   1.0000000e+00   7.3038453e-01   3.5925257e-01   4.5471263e-01   1.2423515e+00   4.6585314e-01   1.4401669e-01
   2.0000000e+00  -1.9192738e-01  -9.5965209e-01  -3.9682680e-01   7.2622420e-02  -1.1341522e+00  -1.0527768e+00
   2.0000000e+00  -1.4697565e+00  -1.4722172e-01  -3.8025812e-01  -1.6758487e+00  -3.6157830e-01   1.1470071e+00
   2.0000000e+00   7.9263462e-01  -9.6101191e-01   1.6351992e+00   1.0675632e+00  -6.7334747e-02  -1.2760223e+00
   1.0000000e+00  -6.4778355e-01   1.6179522e-01  -2.9071406e+00  -4.9880525e-02   9.6737733e-01  -3.4109826e-01
   1.0000000e+00  -4.8812093e-01   1.3409370e-01  -1.0536085e-02  -1.8138901e+00  -5.0877682e-02  -1.3624669e+00
   1.0000000e+00  -8.6502148e-01   2.4746420e-01  -1.0934254e+00   5.4446427e-01   2.2747386e-01   1.7607337e+00
   1.0000000e+00  -6.5082066e-01   3.6218169e-01   6.9603842e-01  -5.5732852e-01  -3.5818794e-01   5.3266673e-01
   2.0000000e+00  -5.2868556e-01  -1.1974795e+00  -9.9403491e-01   2.1393620e-01  -7.4491109e-01   2.7388913e+00
   2.0000000e+00   4.4949699e-01   4.5118060e-01   1.1581540e+00  -1.1581862e+00   1.6038548e+00  -3.5140908e-02
   2.0000000e+00  -1.5665022e+00  -1.1662532e-01   5.7907609e-01  -1.3687628e-01   1.4247640e-02   3.0371228e-01
   1.0000000e+00   1.7311565e+00   8.3076116e-01  -1.7140977e+00   7.3506396e-01   4.7995483e-01  -9.2397954e-01
   2.0000000e+00  -1.0234756e-01   8.1159433e-02  -1.0227118e-01   4.9556948e-01  -2.0216892e+00  -3.0216712e+00
   2.0000000e+00   1.9282488e-01   1.3085033e-01  -1.2975029e+00   6.7537922e-01  -2.1227798e+00   1.0741309e+00
   1.0000000e+00   1.4672178e+00   1.6063429e-01  -3.4549807e-02   1.2779363e+00  -2.7158435e-01   1.8884700e+00
   2.0000000e+00   1.9003070e+00   1.5728492e+00   4.4674528e-01   5.7098788e-01  -2.3314672e+00  -1.0000052e+00
   2.0000000e+00  -9.0411535e-02  -1.4668745e+00  -7.4494950e-02  -3.6068003e-01  -4.6996441e-01  -1.0753774e+00
   2.0000000e+00   3.7787503e-01  -3.8506254e-01   8.2802300e-01   2.3182256e-01  -1.3260617e+00  -2.9090403e-01
   2.0000000e+00  -7.8473603e-01   2.4321736e+00  -4.8188418e-01  -9.8982879e-01  -1.0511767e+00  -1.1130431e+00
   2.0000000e+00   1.1942243e+00  -6.8345282e-01   6.9360198e-01  -8.7293380e-01   3.1213133e-01   6.0610994e-01
   1.0000000e+00   5.0158631e-01   5.9883267e-01   8.9003102e-01  -1.8006765e-01   5.2914830e-01  -1.3480799e-01
   1.0000000e+00   2.9128886e-01   4.9543425e-01   2.7745075e-01   1.7196584e+00  -8.5130456e-02  -7.0196476e-01
   2.0000000e+00  -2.0492326e-01  -1.2114888e+00  -1.0212431e+00  -8.3562631e-01  -9.4000399e-02   6.1140107e-02
   1.0000000e+00   7.4473973e-01   3.4700059e-01   1.2606449e+00   6.4632321e-01  -3.7887887e-01   7.3815630e-03
   2.0000000e+00  -1.9543832e+00  -2.6770832e-01  -2.3842812e+00   4.6552240e-01   6.4919342e-01  -2.4743236e-01
   2.0000000e+00  -1.3447891e+00  -1.3769060e-01  -7.8802491e-01   4.9394588e-01   1.3598411e+00  -1.4832517e+00
   2.0000000e+00   4.1718851e-01  -2.8174070e-01   1.8652946e+00  -3.9478180e-01  -2.4591560e+00  -1.8843168e-01
   2.0000000e+00   5.6415140e-01  -3.0599669e-01  -7.6076093e-01   3.1775528e-03  -3.7438331e-01   4.5774975e-01
   2.0000000e+00   8.3752569e-01  -7.0202126e-01  -1.5062587e+00  -3.6486401e-01  -1.0098616e+00  -3.9459614e-01
   2.0000000e+00  -1.7095763e-01  -9.3517800e-01   6.8450808e-01  -8.8627292e-01  -6.1274465e-02  -2.4034697e+00
   1.0000000e+00  -8.7036536e-01   4.1242016e-01  -1.9030278e-01   2.1107371e-01  -4.3798662e-01  -1.1280584e+00
   1.0000000e+00  -1.3474710e-01   9.0930974e-02   3.3820413e-02   4.6799391e-01   3.8378613e-01   1.4501971e+00
   2.0000000e+00   4.7885871e-01  -1.6748402e+00   1.4015630e-01  -2.0620603e-01   3.5423949e-01   1.3284230e+00
   1.0000000e+00   2.5276936e-01   3.9775283e-01  -4.7200545e-01   1.6265504e-01  -3.6801656e-01   2.0826671e-01
   2.0000000e+00   1.4371698e+00  -1.1411445e-01  -1.5483484e+00  -5.3769887e-01   6.9931616e-01  -1.0127402e+00
   2.0000000e+00   1.5422666e-01  -1.1445696e+00   1.1827160e-01   3.0184073e-01  -1.0868315e+00   3.0139386e+00
   2.0000000e+00  -5.0737988e-01  -1.4283295e-01   3.2528991e-01  -1.0074387e+00  -3.5671997e-01   1.6145573e+00
   2.0000000e+00   4.3811306e-01   2.4810109e-01  -4.5148975e-01   2.6143249e-01  -1.4203133e+00  -4.7383577e-01
   1.0000000e+00   2.1041878e+00   5.2408832e-01   9.3838742e-03  -7.8872335e-01   4.1637893e-01   1.3463225e+00
   1.0000000e+00  -2.4012846e-01   2.9032650e-01  -1.5483979e+00  -1.5699172e-01  -3.3461754e-01  -4.5491885e-01
   1.0000000e+00  -1.8498908e+00   6.2892192e-01   4.2446786e-01   5.6440441e-01  -4.9090598e-01  -5.4686283e-01
   2.0000000e+00   2.9363441e-01  -6.5560230e-01   7.6643831e-01  -4.8603709e-01  -4.1213152e-01   1.4993462e-01
   2.0000000e+00   4.2718299e-01   1.1638109e+00  -2.4041341e-02  -1.2851000e+00   1.6506135e+00  -5.7530155e-01
   2.0000000e+00   4.0142940e-01   9.5792019e-01  -4.6993879e-01   2.2165813e-01  -1.6175790e+00  -1.7194528e-03
   2.0000000e+00   2.0120642e+00   6.4849915e-01   1.1262283e+00  -8.6093725e-01   2.7916614e+00  -1.8555462e-01
   2.0000000e+00   1.3822394e+00  -4.6391946e-01   1.2197942e+00   1.4644423e-01   4.6532660e-01   8.4514781e-02
   2.0000000e+00   7.0693769e-01  -1.4780262e-01   5.7054595e-01  -7.0127775e-01   1.5343446e-01  -7.9840155e-01
   2.0000000e+00   1.1948366e+00  -1.1360874e+00   6.1769723e-01   1.3787127e-01   6.7491124e-01   6.4356797e-01
   2.0000000e+00  -8.4383820e-01  -6.7127142e-01   3.9134379e-01   1.6002455e-01   1.1276330e+00  -1.6959157e-01
   1.0000000e+00  -1.5029893e+00   8.4703817e-01  -5.9964085e-01   1.1979681e+00   6.7406678e-02   2.1542838e+00
   2.0000000e+00  -2.5939792e+00   1.6454544e+00   6.5386140e-02   2.2657557e-01  -4.6249381e-01  -1.6987359e+00
   2.0000000e+00  -8.7544902e-01  -3.8419211e-01  -5.6598194e-01   7.4633359e-01  -1.2760093e+00   2.0577120e+00
   2.0000000e+00   7.2802269e-01  -4.2654909e-02   2.0101906e-01  -4.6542354e-01  -1.9550818e-01   1.7169236e+00
   1.0000000e+00   1.1971569e+00   9.0837468e-01   1.4725058e+00   1.0069473e+00  -2.9578374e-01  -9.1142392e-01
   2.0000000e+00   9.0033345e-01  -9.3794822e-01  -1.5138721e+00  -6.9647283e-01  -1.8905805e+00   1.4615820e+00
   2.0000000e+00   1.0809138e+00   1.7572649e+00  -7.5506821e-01  -6.0715600e-01   3.0247154e-01   3.2974688e-02
   2.0000000e+00   2.2143398e+00   1.5552409e+00  -9.7959533e-01   9.0759478e-01   1.1267785e+00  -1.3823766e+00
   2.0000000e+00  -1.3742021e+00  -6.4779549e-01   2.4868698e-01   6.2571454e-01   7.5252532e-03   1.5157801e+00
   2.0000000e+00  -6.5068421e-01  -3.9725119e-01   5.5586803e-01   2.5196280e+00   3.1060605e-01  -9.6589569e-01
   2.0000000e+00   8.6760992e-01  -1.7607338e+00  -4.0798790e-01   1.1596392e+00   3.9628344e-01   2.4631787e-01
   2.0000000e+00  -2.6945973e-01   2.2754972e-01  -1.4386629e+00   5.3362819e-01  -1.5344500e+00  -2.9600804e-01
   1.0000000e+00   9.3703233e-01   5.7170832e-01   1.7012575e-01  -9.8739703e-01  -8.1631921e-01   6.1583196e-01
   2.0000000e+00   6.3089266e-02   1.7427705e+00  -2.0024794e-02   1.0533729e+00  -1.0962806e+00   8.9503887e-01
   2.0000000e+00  -9.5311665e-01  -2.2039637e-01   5.1079330e-01  -1.4105234e+00   1.3275737e+00  -1.7488264e+00
   2.0000000e+00  -5.8735585e-01   6.8523261e-01   2.2887063e+00  -3.8045283e-01  -2.1093478e+00   4.1890996e-01
   2.0000000e+00  -8.7268411e-01  -5.1417008e-01  -8.3378226e-01  -8.5875496e-01  -5.8655652e-01   6.3605617e-01
   2.0000000e+00   1.1486631e+00   2.8888364e-01   8.4506403e-01  -3.7951167e-01  -9.6284290e-01  -1.1831368e+00
   2.0000000e+00  -4.4562139e-01  -4.7807832e-01   9.9922027e-02  -2.4741570e-01   8.4557651e-01  -1.8966798e-01
   2.0000000e+00   2.9084484e-01   1.3550556e+00   1.3772843e+00   1.4514898e+00   2.2412847e+00   4.6926036e-01
   1.0000000e+00   3.8390388e-01   3.9257145e-01  -6.8780461e-01   8.3241257e-01  -1.1086370e-01   1.7507383e+00
   1.0000000e+00   2.6650931e+00   3.1121532e-01   8.2897489e-01   1.4591359e+00   7.1758625e-01  -1.3420248e+00
   2.0000000e+00   1.1558704e+00   2.7396702e-01  -1.6478268e-01   2.0590297e+00  -2.3451739e+00   7.1087404e-01
   2.0000000e+00  -9.2922826e-01  -1.0375438e+00  -1.0871709e+00  -1.1176580e+00   1.6884251e+00  -1.0311906e+00
   2.0000000e+00  -3.1271886e-01   5.3088163e-01  -5.5745651e-01  -6.5350972e-01   1.6315183e+00  -4.7000193e-01
   2.0000000e+00  -7.6259023e-01  -1.7459315e+00  -6.9523170e-01   1.8741881e-02   2.5425159e-02   1.5245600e+00
   2.0000000e+00  -4.0992077e-01  -1.2525235e+00  -3.9213055e-01  -8.8227796e-01   2.4564673e-01  -1.4765974e+00
   2.0000000e+00  -6.4257385e-02   2.3827373e-01  -1.3219443e+00   1.1092926e+00   1.1269741e+00  -1.3292527e+00
   2.0000000e+00   8.0008582e-01   1.6014229e-01  -5.7324555e-01  -8.2730538e-01  -1.4003954e+00  -1.8350347e+00
   2.0000000e+00  -1.5170525e-01   6.1973368e-01  -6.3014995e-01  -7.4307835e-01  -9.3768153e-01  -4.1986850e-01
   2.0000000e+00   2.0570405e+00  -1.2788318e+00  -9.9239909e-01   1.0887886e+00  -6.4562287e-01   1.2285189e+00
   1.0000000e+00  -6.3514757e-01   3.1457605e-01  -5.3864333e-01   7.6327579e-01  -4.4572235e-01  -5.9174515e-01
   2.0000000e+00   8.1064670e-01  -1.4566431e-01   9.8486543e-01   6.8666033e-01   9.5321598e-01   4.9471421e-01
   2.0000000e+00  -1.4839837e+00   1.6570061e+00   3.6590115e-02   7.3830020e-01  -3.5332816e-01  -1.6783082e+00
   2.0000000e+00  -1.1273224e+00   1.4717622e+00  -1.5695229e+00   1.3128948e-01   5.2752947e-01   3.4379878e+00
   2.0000000e+00   9.1737101e-01  -1.1797403e-01  -3.7720714e-01   8.4163532e-02   3.0182628e-01  -4.7754728e-01
   2.0000000e+00  -1.2562429e+00   1.9758334e+00  -6.7421648e-01   3.0179907e-01   1.5785656e+00   3.4427423e-01
   2.0000000e+00   1.6124394e+00  -3.2053575e-01   9.9183678e-01   1.0969244e-01   1.6482967e-01   1.4505526e+00
   1.0000000e+00  -1.0773523e+00   4.6178623e-01   1.7303293e-01  -4.9561108e-01   2.6290911e-01  -7.5455726e-01
   2.0000000e+00   5.9030741e-01   1.2617571e+00  -8.3669578e-01   1.4645876e+00   5.6225824e-01  -9.5276044e-02
   2.0000000e+00  -1.1150918e+00  -6.8723752e-01  -1.4539109e+00  -8.8163751e-01  -1.3975738e+00   9.3075162e-01
   2.0000000e+00  -1.7901167e-01  -6.6467184e-01   1.4630460e+00   5.1031644e-01   9.9106187e-01   2.8264657e-01
   1.0000000e+00  -2.5422595e-01   4.7424764e-01  -7.7754598e-01   6.5923391e-01  -1.1273214e-01  -2.2054360e-01
   2.0000000e+00   1.4425120e-01  -1.1049614e+00   9.1932466e-01  -5.8009659e-02  -7.7879650e-01  -8.4755789e-01
   1.0000000e+00   4.7844522e-01   4.9179277e-01   1.0221074e+00  -3.7898310e-01  -4.9310067e-01  -3.2587393e-01
   2.0000000e+00   9.0335605e-01   2.0361567e+00  -5.9055561e-01   5.0092877e-01  -4.7642476e-01  -4.8341609e-01
   2.0000000e+00   2.8550360e-01  -7.0357445e-01   1.4537368e-01   1.2648754e+00  -1.0158875e+00   5.0439186e-01
   2.0000000e+00   4.7576845e-02  -2.4896501e+00  -9.6401655e-01  -1.0022992e-01   9.6574934e-01  -3.0242642e-02
   2.0000000e+00  -4.1510266e-01  -4.2685031e-01  -1.8575834e+00  -1.5479563e-01  -1.1113680e+00  -8.6130327e-01
   2.0000000e+00  -4.9723336e-01  -3.9417080e-01   5.9797626e-01  -7.6580087e-02  -2.6410141e-01   6.7914422e-01
   2.0000000e+00   2.1799030e-02   1.0481688e+00   6.5580693e-02   1.0553455e+00   5.5988679e-01  -1.5392319e+00
   2.0000000e+00   6.9889428e-02  -1.6860061e+00  -2.2664203e-01   5.5339252e-01   1.3649042e+00  -1.5383928e+00
   2.0000000e+00   5.9834315e-01   1.3483460e+00  -2.0528969e-01  -7.4710999e-01   1.6451232e-01  -8.3944267e-01
   2.0000000e+00   3.0018887e-01   3.8647909e-02  -5.3436388e-01   1.7769440e-02   2.6603802e+00  -5.6968650e-01
   2.0000000e+00   7.1343369e-01   8.6909871e-01  -8.3132255e-01   5.9097945e-01  -1.3164215e+00   3.9135210e-01
   1.0000000e+00   1.5410108e+00   7.7194609e-02   1.7733386e+00   2.6689810e-01   1.1807013e-01  -2.2438100e+00
   1.0000000e+00   4.8006977e-01   6.9999512e-01   9.4544553e-01  -3.9746072e-02  -1.3457394e-01   5.3778564e-01
   2.0000000e+00   1.6840075e-01  -3.5575731e-01   1.5786367e+00   1.5426664e+00  -1.0164905e+00   3.8604625e-01
   2.0000000e+00   2.1856958e+00   3.2139216e+00   1.1271961e+00  -1.0765620e+00   7.7911507e-02   2.2023890e+00
   2.0000000e+00  -2.8691282e+00  -2.7877348e-01  -2.3908514e-01  -3.3350870e-01  -1.5753837e+00   1.3018479e-01
   1.0000000e+00  -5.7147650e-01   2.9991331e-01  -8.7939039e-01  -8.2909453e-01  -5.5356330e-01   3.8620227e-01
   2.0000000e+00  -1.5343680e-01  -6.6674190e-01   3.6319555e-01   1.4789263e+00   9.5879798e-01   4.3021423e-01
   1.0000000e+00  -1.9329405e+00   2.5999720e-01   7.1810881e-01   1.5276410e+00  -2.4102377e-01  -1.1586484e-01
   1.0000000e+00  -6.0775307e-01   1.1055812e-02   4.9698208e-01  -1.1028127e-01  -8.3832521e-01  -1.4169518e-01
   2.0000000e+00   7.9932337e-02   3.4412613e-01   1.2525436e+00   2.9649808e+00  -1.5670226e+00   5.0493872e-01
   2.0000000e+00  -1.9216189e+00  -6.0949943e-01  -6.0882785e-01   1.2283901e-01   7.8599109e-02   6.5051773e-01
   2.0000000e+00   6.4427826e-01  -1.3835919e+00  -4.9459557e-02   1.0240729e+00  -1.2219677e-01   1.2328665e+00
   2.0000000e+00   1.6052685e+00   1.4661316e+00   7.5933848e-02   1.7240769e-02   5.8844222e-01   2.2942999e+00
   2.0000000e+00   8.7468340e-01  -1.1782830e+00  -1.6300295e+00  -3.8390394e-01   6.0742235e-01   6.9922795e-01
   2.0000000e+00  -1.0010354e-01   4.7365671e-02   1.8886583e+00   5.8374670e-01  -1.5127861e+00   1.5234880e+00
   1.0000000e+00  -4.1268245e-01   2.4923864e-01   1.8961117e-01   1.2090815e-01   3.1206755e-01  -7.8531577e-01
   2.0000000e+00  -1.6038914e-01   1.5884153e+00  -4.6390383e-01  -7.9052455e-01   1.4377801e+00  -1.0563119e+00
   2.0000000e+00  -8.2699402e-01   1.8043675e+00  -4.6717045e-01   3.9155080e-03  -1.3038093e+00  -5.8434237e-01
   2.0000000e+00  -1.3377685e-01   1.8238439e-01  -8.8942490e-01   2.3823611e+00   1.5646811e+00  -2.4795697e-01
   2.0000000e+00  -7.6222161e-02  -4.3207312e-01   1.2573348e+00  -6.4487869e-01   3.9032147e-02  -4.4614104e-02
   2.0000000e+00  -7.2727265e-01  -1.3178087e+00  -5.9095813e-03   1.4922270e+00  -1.6059158e-01   5.6918211e-01
   2.0000000e+00   9.0560577e-01  -4.5853983e-01  -1.0319175e+00  -1.3231583e+00  -7.4318945e-02  -1.2057448e+00
   2.0000000e+00  -1.4006945e+00  -1.0244443e+00  -9.1453136e-01  -2.9757888e-01  -2.3268683e-01   1.0973671e+00
   2.0000000e+00   4.6197658e-01  -6.3512908e-01   8.1489398e-01  -9.9374977e-01   2.2683411e-01  -2.2807844e-01